1,2,3,4
9,10,11,20
5,6,8,9
3,4,5,6
3,2,3,4



3,4,5,6
3,2,3,4
1,2,3,4
9,10,11,20
5,6,8,9
3,4,5,6
3,2,3,4
1,2,3,4
9,10,11,20
5,6,8,9
3,4,5,6
3,2,3,4
3,4,5,6
3,2,3,4
1,2,3,4
9,10,11,20
5,6,8,9
3,4,5,6
3,2,3,4
1,2,3,4
9,10,11,20
5,6,8,9
3,4,5,6
3,2,3,4
3,4,5,6
3,2,3,4
1,2,3,4
9,10,11,20
5,6,8,9
3,4,5,6
3,2,3,4
1,2,3,4
9,10,11,20
5,6,8,9
3,4,5,6
3,2,3,4

3,4,5,6
3,2,3,4
1,2,3,4
9,10,11,20
5,6,8,9
3,4,5,6
3,2,3,4
1,2,3,4
9,10,11,20
5,6,8,9
3,4,5,6
3,2,3,4
1,2,3,4
9,10,11,20
5,6,8,9
3,4,5,6
3,2,3,4
1,2,3,4
9,10,11,20
5,6,8,9
3,4,5,6
3,2,3,4
1,2,3,4
9,10,11,20
5,6,8,9
3,4,5,6
3,2,3,4
1,2,3,4
9,10,11,20
5,6,8,9
3,4,5,6
3,2,3,4
1,2,3,4
9,10,11,20
5,6,8,9
3,4,5,6
3,2,3,4


1,2,3,4
9,10,11,20
5,6,8,9
3,4,5,6
3,2,3,4
1,2,3,4
9,10,11,20
5,6,8,9
3,4,5,6
3,2,3,4
1,2,3,4
9,10,11,20
5,6,8,9
3,4,5,6
3,2,3,4
1,2,3,4
9,10,11,20
5,6,8,9
3,4,5,6
3,2,3,4
1,2,3,4
9,10,11,20
5,6,8,9
3,4,5,6
3,2,3,4
1,2,3,4
9,10,11,20
5,6,8,9
3,4,5,6
3,2,3,4



3,4,5,6
3,2,3,4
1,2,3,4
9,10,11,20
5,6,8,9
3,4,5,6
3,2,3,4
1,2,3,4
9,10,11,20
5,6,8,9
3,4,5,6
3,2,3,4
3,4,5,6
3,2,3,4
1,2,3,4
9,10,11,20
5,6,8,9
3,4,5,6
3,2,3,4
1,2,3,4
9,10,11,20
5,6,8,9
3,4,5,6
3,2,3,4
3,4,5,6
3,2,3,4
1,2,3,4
9,10,11,20
5,6,8,9
3,4,5,6
3,2,3,4
1,2,3,4
9,10,11,20
5,6,8,9
3,4,5,6
3,2,3,4
3,4,5,6
3,2,3,4
1,2,3,4
9,10,11,20
5,6,8,9
3,4,5,6
3,2,3,4
1,2,3,4
9,10,11,20
5,6,8,9
3,4,5,6
3,2,3,4
3,4,5,6
3,2,3,4
1,2,3,4
9,10,11,20
5,6,8,9
3,4,5,6
3,2,3,4
1,2,3,4
9,10,11,20
5,6,8,9
3,4,5,6
3,2,3,4

1,2,3,4
9,10,11,20
5,6,8,9




1,2,3,4
9,10,11,20
5,6,8,9